image_width: 640
image_height: 480
camera_name: left_event_camera
camera_matrix:
  rows: 3
  cols: 3
  data: [ 327.32749,    0.     ,  304.97749,
            0.     ,  327.46184,  235.37621,
            0.     ,    0.     ,    1.     ]
camera_model: plumb_bob
distortion_coefficients:
  rows: 1
  cols: 5
  data: [-0.031982, 0.041966, -0.000507, -0.001031, 0.000000]
rectification_matrix:
  rows: 3
  cols: 3
  data: [ 1.,  0.,  0.,
          0.,  1.,  0.,
          0.,  0.,  1.]
projection_matrix:
  rows: 3
  cols: 4
  data: [ 339.69174,    0.     ,  305.8753 ,    0.     ,
            0.     ,  340.96127,  235.33929,    0.     ,
            0.     ,    0.     ,    1.     ,    0.     ]
transformation_to_kinect_color:
  rows: 4
  cols: 4
  data: [ 0.99987606, 0.01569778,  0.00119975, -0.11703617,
         -0.01564945, 0.99932886, -0.03311993, -0.00416295,
         -0.00171885, 0.03309705,  0.99945066, -0.01417249,
          0.0       , 0.0       ,  0.        ,  1.0       ]
