image_width: 1224
image_height: 1024
camera_name: left_regular_camera
camera_matrix:
  rows: 3
  cols: 3
  data: [ 886.19107,    0.     ,  610.57891,
            0.     ,  886.59163,  514.59271,
            0.     ,    0.     ,    1.     ]
camera_model: plumb_bob
distortion_coefficients:
  rows: 1
  cols: 5
  data: [-0.315760, 0.104955, 0.000320, -0.000156, 0.000000]
rectification_matrix:
  rows: 3
  cols: 3
  data: [ 1.,  0.,  0.,
          0.,  1.,  0.,
          0.,  0.,  1.]
projection_matrix:
  rows: 3
  cols: 4
  data: [ 737.85626,    0.     ,  609.6249 ,    0.     ,
            0.     ,  784.1731 ,  515.77673,    0.     ,
            0.     ,    0.     ,    1.     ,    0.     ]
transformation_to_kinect_color:
  rows: 4
  cols: 4
  data: [ 0.99996798, 0.00655558, -0.00458885, -0.11734174,
         -0.00666468, 0.99968548, -0.02417706,  0.03630703,
          0.00442891, 0.02420687,  0.99969716,  0.00088724,
          0.0       , 0.0       ,  0.0       ,  1.0       ]
