image_width: 640
image_height: 480
camera_name: right_event_camera
camera_matrix:
  rows: 3
  cols: 3
  data: [ 327.48497,    0.     ,  318.53477,
            0.     ,  327.55395,  230.96356,
            0.     ,    0.     ,    1.     ]
camera_model: plumb_bob
distortion_coefficients:
  rows: 1
  cols: 5
  data: [-0.026300, 0.037995, -0.000513, 0.000167, 0.000000]
rectification_matrix:
  rows: 3
  cols: 3
  data: [ 1.,  0.,  0.,
          0.,  1.,  0.,
          0.,  0.,  1.]
projection_matrix:
  rows: 3
  cols: 4
  data: [ 340.15796,    0.     ,  318.8504 ,    0.     ,
            0.     ,  339.86279,  231.17667,    0.     ,
            0.     ,    0.     ,    1.     ,    0.     ]
transformation_to_kinect_color:
  rows: 4
  cols: 4
  data: [ 0.99988917, -0.00432341, -0.01424591,  0.05319779,
          0.00386903,  0.99948772, -0.03176981, -0.00481811,
          0.01437597,  0.03171117,  0.99939368, -0.01663918,
          0.0       ,  0.0       ,  0.0       ,  1.0       ]
